{
 "cells": [
  {
   "cell_type": "code",
   "execution_count": 20,
   "metadata": {},
   "outputs": [
    {
     "name": "stderr",
     "output_type": "stream",
     "text": [
      "WARNING: replacing module DLProteinFormats.\n"
     ]
    },
    {
     "data": {
      "text/plain": [
       "500-element merged(::Vector{@NamedTuple{len::Int64, cluster::Int32, locs::Array{Float32, 3}, rots::Array{Float32, 3}, AAs::Vector{Int64}, resinds::Vector{Int64}, chainids::Vector{Int64}}}):\n",
       " (len = 284, cluster = 1, locs = [-1.5650988; 2.1433976; -0.678789;;; -1.2520323; 2.2372642; -0.6696557;;; -1.047332; 2.1034641; -0.438589;;; … ;;; -0.06256523; 1.988464; -1.5433888;;; 0.21286812; 2.0770974; -1.6924889;;; 0.47250137; 2.1525974; -1.5293558], rots = [0.9812926 0.16513312 0.098975256; 0.09728891 -0.8689602 0.48522472; 0.16613224 -0.4665182 -0.86876976;;; 0.53069884 -0.84736216 0.018335996; -0.20018475 -0.14633785 -0.96876794; 0.8235805 0.51045346 -0.2472903;;; 0.531013 0.09742683 -0.84174407; 0.45814878 0.8026421 0.38192353; 0.71282876 -0.58845043 0.3815774;;; … ;;; 0.46879578 0.8827551 0.03120616; 0.6808074 -0.33858874 -0.6495068; -0.56278944 0.3257314 -0.75971514;;; 0.8795269 -0.09766555 0.46571887; 0.47123387 0.04278341 -0.88097006; 0.06611538 0.9942993 0.08365249;;; 0.9076783 -0.31539646 0.2768493; -0.3802243 -0.89725447 0.22441953; 0.17762321 -0.30896547 -0.9343396], AAs = [11, 4, 11, 4, 9, 4, 5, 4, 14, 8  …  8, 4, 6, 1, 9, 5, 8, 11, 6, 3], resinds = [1, 2, 3, 4, 5, 6, 7, 8, 9, 10  …  275, 276, 277, 278, 279, 280, 281, 282, 283, 284], chainids = [1, 1, 1, 1, 1, 1, 1, 1, 1, 1  …  1, 1, 1, 1, 1, 1, 1, 1, 1, 1])\n",
       " (len = 315, cluster = 2, locs = [-1.1079482; 0.9458111; 1.5681465;;; -0.93538153; 0.83844453; 1.2972132;;; -0.7974814; 1.0382111; 1.0711464;;; … ;;; 1.2292185; -0.48642215; -1.2759203;;; 1.3256518; -0.41578883; -1.6106869;;; 1.4256518; -0.13292217; -1.6759535], rots = [0.6948383 0.67085993 0.25912645; -0.1505155 0.48799124 -0.8597729; -0.7032386 0.5584005 0.44004992;;; 0.20217107 -0.8231319 0.53064173; 0.5701088 0.53947693 0.61962944; -0.7963058 0.17725235 0.5783414;;; -0.103087224 -0.10516003 -0.9890978; -0.0754258 -0.99070597 0.11319215; -0.9918083 0.08627203 0.09419738;;; … ;;; 0.5263289 0.8277108 -0.19460815; -0.06510593 -0.18897192 -0.9798218; -0.8477845 0.5283788 -0.0455725;;; 0.40196586 -0.42622876 0.81040263; 0.6833847 0.72871274 0.04430019; -0.60943264 0.5360098 0.58419603;;; 0.93336034 0.3491149 0.08340976; 0.34705836 -0.8184624 -0.45789713; -0.09159098 0.45633107 -0.8850837], AAs = [9, 10, 4, 15, 15, 4, 10, 6, 12, 17  …  9, 12, 14, 16, 19, 13, 16, 6, 8, 14], resinds = [27, 28, 29, 30, 31, 32, 33, 34, 35, 36  …  332, 333, 334, 335, 336, 337, 338, 339, 340, 341], chainids = [1, 1, 1, 1, 1, 1, 1, 1, 1, 1  …  1, 1, 1, 1, 1, 1, 1, 1, 1, 1])\n",
       " (len = 2349, cluster = 3, locs = [0.48377672; 4.9205956; -5.547521;;; 0.16531014; 4.7940283; -5.54782;;; 0.020443488; 4.495528; -5.649453;;; … ;;; 2.9158769; 0.19436112; -0.017486572;;; 3.0234435; 0.31686172; -0.33475342;;; 3.08761; 0.3543953; -0.65818787], rots = [-0.8071143 0.5837507 0.08833031; -0.5328897 -0.7847056 0.3166482; 0.25415692 0.20850092 0.9444214;;; -0.3245386 0.68629646 0.65090114; -0.78796625 0.18451045 -0.5874228; -0.52324426 -0.70352954 0.4808973;;; 0.42864317 0.6823375 -0.59218323; -0.8893171 0.20307589 -0.40972647; -0.1593136 0.7022651 0.69386107;;; … ;;; 0.6324314 0.55785275 -0.5374298; 0.350268 -0.82476807 -0.44392523; -0.69089985 0.09250778 -0.7170074;;; -0.008214295 -0.9740592 -0.22614425; 0.0013371259 -0.2261624 0.97408885; -0.9999656 0.0076992214 0.0031600553;;; -0.6892078 -0.32786137 0.64614195; 0.50359935 0.4243994 0.75251096; -0.5209415 0.84403306 -0.12738869], AAs = [15, 1, 6, 16, 9, 1, 3, 15, 13, 16  …  17, 15, 10, 20, 5, 9, 16, 18, 6, 12], resinds = [30, 31, 32, 33, 34, 35, 36, 37, 38, 39  …  234, 235, 236, 237, 238, 239, 240, 241, 242, 243], chainids = [1, 1, 1, 1, 1, 1, 1, 1, 1, 1  …  11, 11, 11, 11, 11, 11, 11, 11, 11, 11])\n",
       " (len = 5835, cluster = 4, locs = [1.9023588; -2.1381364; -11.80605;;; 2.0565255; -1.8552697; -11.6449175;;; 2.2498922; -1.5711358; -11.606584;;; … ;;; -4.5006075; -1.8089364; 1.950084;;; -4.333808; -1.6814034; 1.7161499;;; -4.066141; -1.5063698; 1.7404159], rots = [0.050504655 -0.9595066 -0.27712172; 0.91862524 0.15350863 -0.36409152; 0.39188877 -0.23618266 0.88917994;;; 0.770362 0.6291193 -0.10368703; 0.61944145 -0.6999131 0.3555467; 0.15110931 -0.33812776 -0.92888945;;; 0.37065405 -0.82468593 0.42721012; 0.5648269 -0.16498926 -0.8085476; 0.737283 0.5409911 0.40465093;;; … ;;; 0.21636432 0.063490815 -0.974246; 0.7207441 -0.68350744 0.115522034; -0.6585698 -0.72717726 -0.19364725;;; 0.5667937 -0.05189854 0.82222325; 0.82385886 0.036801726 -0.5655986; -0.00090539455 0.9979739 0.06361608;;; 0.51417327 -0.37057728 -0.7734975; 0.5395273 -0.56131256 0.6275653; -0.6667354 -0.7400004 -0.08867532], AAs = [17, 18, 9, 4, 10, 10, 4, 1, 6, 18  …  18, 18, 13, 13, 4, 3, 18, 4, 9, 10], resinds = [6, 7, 8, 9, 10, 11, 12, 13, 14, 15  …  174, 175, 176, 177, 178, 179, 180, 181, 182, 183], chainids = [1, 1, 1, 1, 1, 1, 1, 1, 1, 1  …  49, 49, 49, 49, 49, 49, 49, 49, 49, 49])\n",
       " (len = 108, cluster = 5, locs = [2.0822563; 1.0715679; 0.80670196;;; 1.9695556; 0.88170207; 0.55876863;;; 1.7832562; 0.8222683; 0.27826864;;; … ;;; 1.2350228; 0.7346352; 0.9853686;;; 1.5052227; 0.90913504; 0.87036866;;; 1.6282895; 1.2523686; 0.81536853], rots = [0.20438802 -0.14510462 -0.96807563; -0.49964124 -0.8658917 0.024300005; -0.84177494 0.47872382 -0.249478;;; -0.6664412 -0.47897482 0.5713485; -0.019022256 0.7770116 0.62919885; -0.7453147 0.40845567 -0.52694374;;; -0.9432411 0.16632387 -0.28745896; -0.33171296 -0.51407534 0.7910076; -0.016212165 0.84146464 0.5400687;;; … ;;; 0.7481518 0.106468886 0.6549299; 0.65001893 0.08055133 -0.7556368; -0.13320729 0.99104774 -0.008942131;;; -0.02135709 -0.960596 -0.27712628; 0.9478525 -0.10761903 0.29998955; -0.31799284 -0.25626794 0.9128019;;; 0.64950264 0.7563345 -0.07813432; 0.72531605 -0.64712536 -0.23483197; -0.22817416 0.09585193 -0.9688906], AAs = [14, 17, 12, 14, 10, 14, 20, 10, 10, 15  …  5, 10, 14, 9, 8, 12, 4, 10, 13, 17], resinds = [32, 33, 34, 35, 36, 37, 38, 39, 40, 41  …  130, 131, 132, 133, 134, 135, 136, 137, 138, 139], chainids = [1, 1, 1, 1, 1, 1, 1, 1, 1, 1  …  1, 1, 1, 1, 1, 1, 1, 1, 1, 1])\n",
       " (len = 479, cluster = 7, locs = [-0.053102493; 2.4381218; 3.362004;;; 0.04473076; 2.3576884; 3.054404;;; -0.15926914; 2.289855; 2.8085377;;; … ;;; -1.3396026; 0.12318854; -2.5610623;;; -1.6188358; 0.113921866; -2.7330956;;; -1.7707694; -0.10437813; -2.9317288], rots = [0.06185659 0.44246617 0.8946494; 0.025739282 0.8953606 -0.44459748; -0.99775314 0.050528854 0.043995183;;; -0.44347245 -0.58847773 -0.6760369; -0.44873106 -0.5071487 0.73582643; -0.77586865 0.6296774 -0.039161775;;; 0.08999282 0.99076533 0.10141831; -0.65488726 0.13558817 -0.74346393; -0.75034934 0.0004888773 0.6610414;;; … ;;; -0.9026889 -0.42903453 -0.032891575; -0.39103484 0.786031 0.47879696; -0.17956656 0.44506645 -0.8773093;;; -0.4440674 0.89561045 -0.026194986; -0.4243969 -0.23599541 -0.8741816; -0.78910816 -0.3770784 0.4848921;;; -0.78053796 -0.36178455 0.5097771; 0.10440616 0.72859675 0.67693883; -0.61632806 0.5816003 -0.53092474], AAs = [8, 1, 8, 13, 1, 7, 15, 6, 10, 8  …  10, 11, 12, 18, 13, 13, 3, 12, 10, 13], resinds = [18, 19, 20, 21, 22, 23, 24, 25, 26, 27  …  514, 515, 516, 517, 518, 519, 520, 521, 522, 523], chainids = [1, 1, 1, 1, 1, 1, 1, 1, 1, 1  …  1, 1, 1, 1, 1, 1, 1, 1, 1, 1])\n",
       " (len = 2418, cluster = 6, locs = [-1.6148987; 4.803613; 0.34566498;;; -1.6885322; 4.531447; 0.45659867;;; -1.5791657; 4.273946; 0.646299;;; … ;;; 5.3565354; 1.4851799; 2.1646323;;; 5.463402; 1.226413; 2.0270653;;; 5.3994; 1.2554786; 1.6989654], rots = [-0.26800627 -0.14208332 0.9528824; -0.586174 -0.76087904 -0.27832046; 0.7645729 -0.63314676 0.120634824;;; 0.560921 0.8148756 -0.14610012; -0.6305877 0.53489244 0.5623602; 0.53640145 -0.22331072 0.8138831;;; 0.46604973 -0.5181466 0.71716225; -0.822347 0.045358554 0.5671756; -0.32640952 -0.8540881 -0.40495694;;; … ;;; 0.66791666 -0.6340842 -0.38964722; -0.44660175 -0.760293 0.4717011; -0.59534436 -0.14104004 -0.790995;;; -0.32708105 -0.85733455 0.39748654; -0.45257506 0.51136136 0.73053783; -0.8295745 0.059052676 -0.5552648;;; 0.18492158 0.7856043 0.5904489; 0.36703742 0.5021261 -0.78304076; -0.91164 0.36151809 -0.19549222], AAs = [12, 16, 1, 1, 20, 5, 10, 19, 13, 17  …  4, 16, 10, 14, 3, 1, 18, 14, 14, 14], resinds = [21, 22, 23, 24, 25, 26, 27, 28, 29, 30  …  423, 424, 425, 426, 427, 428, 429, 430, 431, 432], chainids = [1, 1, 1, 1, 1, 1, 1, 1, 1, 1  …  6, 6, 6, 6, 6, 6, 6, 6, 6, 6])\n",
       " (len = 254, cluster = 8, locs = [1.3061665; 1.4237639; -1.0726;;; 1.4059334; 1.496464; -1.3491333;;; 1.2187333; 1.3865639; -1.6204665;;; … ;;; -0.24976663; -1.205703; -0.6290666;;; -0.4218666; -1.4317364; -0.82009995;;; -0.36856666; -1.5512028; -1.1399666], rots = [0.015827544 -0.13982163 -0.9900502; 0.5582845 -0.8202152 0.12476142; -0.8294987 -0.5547045 0.06507826;;; -0.4111657 -0.31477416 -0.85548824; -0.61776245 -0.5938881 0.5154287; -0.67030793 0.74041504 0.04973071;;; 0.011379942 0.67195237 0.7405068; -0.2121869 0.72531235 -0.6549036; -0.9771631 -0.1496729 0.1508335;;; … ;;; -0.3059306 0.84218657 -0.44399112; -0.86803234 -0.4382972 -0.233271; -0.39105767 0.31403384 0.8651339;;; 0.0010484532 0.13607106 0.99069846; -0.15008152 0.9794993 -0.13437407; -0.988673 -0.14854464 0.021448707;;; -0.4700658 -0.40638116 -0.78351295; -0.49746606 -0.611291 0.6155085; -0.7290855 0.6791007 0.08518611], AAs = [4, 18, 12, 13, 3, 8, 8, 9, 3, 4  …  5, 20, 17, 8, 17, 2, 4, 1, 18, 20], resinds = [47, 48, 49, 50, 51, 52, 53, 54, 55, 56  …  167, 168, 169, 170, 171, 172, 173, 174, 175, 176], chainids = [1, 1, 1, 1, 1, 1, 1, 1, 1, 1  …  2, 2, 2, 2, 2, 2, 2, 2, 2, 2])\n",
       " (len = 49, cluster = 9, locs = [-0.90920544; 1.3092809; 1.4130442;;; -0.6529721; 1.4938142; 1.5600109;;; -0.52517205; 1.4527142; 1.8347775;;; … ;;; 0.5969612; -0.84281904; -2.335156;;; 0.4069279; -0.86971915; -2.6139557;;; 0.48712793; -0.99725235; -2.9283223], rots = [0.9031666 -0.08930099 -0.41989934; 0.41737378 0.41152298 0.8102149; 0.10044515 -0.9070141 0.40894562;;; 0.776833 -0.4556284 0.43466452; -0.0203446 -0.7080645 -0.70585454; 0.6293779 0.5394881 -0.55931747;;; 0.45154506 -0.35832265 0.8171365; -0.8621981 -0.41090855 0.2962583; 0.2296123 -0.8383074 -0.49448875;;; … ;;; -0.5138865 0.5623867 -0.64779776; -0.33142972 -0.82665634 -0.45474574; -0.7912491 -0.018988311 0.61119914;;; 0.3789069 0.7938746 0.47559738; -0.07296537 0.53794557 -0.83981586; -0.92255384 0.28350985 0.2617567;;; -0.31588352 -0.9487683 -0.007503415; -0.011177805 -0.0041864775 0.9999288; -0.9487322 0.3159447 -0.0092827445], AAs = [6, 16, 16, 6, 16, 16, 6, 14, 3, 6  …  18, 4, 20, 14, 16, 6, 13, 16, 16, 6], resinds = [1, 2, 3, 4, 5, 6, 7, 8, 9, 10  …  40, 41, 42, 43, 44, 45, 46, 47, 48, 49], chainids = [1, 1, 1, 1, 1, 1, 1, 1, 1, 1  …  1, 1, 1, 1, 1, 1, 1, 1, 1, 1])\n",
       " (len = 228, cluster = 10, locs = [0.23453513; -0.45826474; 1.6164596;;; -0.01886488; -0.6341647; 1.4455268;;; -0.24396487; -0.7157647; 1.1860267;;; … ;;; 1.5423019; -0.974098; -1.1847401;;; 1.7796017; -1.2105314; -1.2458733;;; 2.0258017; -1.2346647; -1.4813734], rots = [-0.3500573 0.67331964 -0.65123; -0.6251545 -0.685667 -0.372884; -0.69759697 0.27658862 0.6609517;;; -0.88469094 -0.27860236 0.3737679; -0.09788221 0.8949121 0.43537486; -0.45578587 0.348587 -0.818991;;; -0.46935308 0.748004 -0.4692523; -0.7051987 -0.63735116 -0.3106095; -0.5314157 0.18513058 0.82663417;;; … ;;; 0.8105369 0.44809526 0.3771483; -0.5034683 0.862081 0.057762884; -0.2992491 -0.23670112 0.92434984;;; 0.4661585 -0.7348523 0.49263415; -0.04883139 0.5346161 0.8436832; -0.8833527 -0.41734582 0.2133321;;; 0.25185367 -0.30877876 -0.91718334; -0.7693989 -0.6387575 0.0037711617; -0.5870223 0.70473003 -0.39844742], AAs = [18, 14, 10, 18, 4, 16, 6, 6, 6, 10  …  5, 6, 14, 6, 17, 9, 18, 3, 8, 9], resinds = [2, 3, 4, 5, 6, 7, 8, 9, 10, 11  …  97, 98, 99, 100, 101, 102, 103, 104, 105, 106], chainids = [1, 1, 1, 1, 1, 1, 1, 1, 1, 1  …  2, 2, 2, 2, 2, 2, 2, 2, 2, 2])\n",
       " ⋮\n",
       " (len = 1378, cluster = 476, locs = [1.4327209; 2.4584236; 0.3438055;;; 1.7386879; 2.4283237; 0.39280567;;; 1.9902207; 2.2817903; 0.57533896;;; … ;;; 1.8154541; 0.6038237; 3.9703388;;; 1.7196213; 0.8198903; 4.2356725;;; 1.5881875; 0.98859036; 4.5247054], rots = [0.81302965 0.53623337 -0.2267968; -0.5650654 0.6328745 -0.5293119; -0.1403008 0.5585012 0.8175525;;; 0.5714272 -0.7721156 -0.27804443; -0.23677298 0.16928495 -0.95670336; 0.7857542 0.61251974 -0.086081974;;; 0.95660114 0.076209605 -0.28125772; 0.22412339 0.42443267 0.87728304; 0.1862323 -0.9022465 0.38893247;;; … ;;; 0.09666018 0.9847319 -0.14477433; 0.47440535 0.08228803 0.87645197; 0.87498355 -0.15339977 -0.45920828;;; -0.65056795 -0.7392771 0.17386979; 0.2599145 -0.43185455 -0.8636818; 0.7135867 -0.51669246 0.4730994;;; -0.15941428 0.8486535 -0.504355; 0.8281647 0.3930366 0.39958096; 0.5373358 -0.35399014 -0.7654809], AAs = [9, 10, 17, 13, 1, 14, 16, 9, 12, 13  …  1, 17, 13, 15, 10, 16, 16, 10, 4, 3], resinds = [13, 14, 15, 16, 17, 18, 19, 20, 21, 22  …  721, 722, 723, 724, 725, 726, 727, 728, 729, 730], chainids = [1, 1, 1, 1, 1, 1, 1, 1, 1, 1  …  2, 2, 2, 2, 2, 2, 2, 2, 2, 2])\n",
       " (len = 3030, cluster = 475, locs = [3.9366639; 4.8855333; 3.2162323;;; 3.9613633; 4.7119; 3.4832337;;; 3.8680298; 4.3773985; 3.5240326;;; … ;;; 2.48183; 1.5958328; -9.7641325;;; 2.6385636; 1.7932312; -9.935667;;; 2.9088638; 1.6488984; -9.923166], rots = [0.4345293 -0.8170812 0.37889642; -0.68156374 -0.57332313 -0.45472103; 0.5887741 -0.060652427 -0.80601877;;; -0.6012733 -0.6631739 0.44572434; -0.7800444 0.36624992 -0.50733715; 0.17320631 -0.6527332 -0.73752195;;; -0.031944245 0.8126021 -0.58194274; -0.7945676 0.33256635 0.50799835; 0.6063351 0.47862023 0.63504356;;; … ;;; 0.28862125 0.6886191 0.66520774; 0.36065096 0.5654069 -0.7417855; -0.88692087 0.454003 -0.08516271;;; 0.90826565 0.0789341 -0.41088077; -0.18466787 -0.8055793 -0.5629739; -0.37543488 0.5872063 -0.7171035;;; 0.1939379 -0.9788554 0.06504043; -0.88975734 -0.14758652 0.43191424; -0.41318244 -0.14163476 -0.8995665], AAs = [10, 12, 8, 1, 18, 11, 10, 6, 7, 16  …  8, 1, 20, 9, 15, 7, 9, 3, 1, 15], resinds = [34, 35, 36, 37, 38, 39, 40, 41, 42, 43  …  835, 836, 837, 838, 839, 840, 841, 842, 843, 844], chainids = [1, 1, 1, 1, 1, 1, 1, 1, 1, 1  …  4, 4, 4, 4, 4, 4, 4, 4, 4, 4])\n",
       " (len = 2031, cluster = 477, locs = [4.332267; 2.071849; -1.874691;;; 4.1188335; 1.9085487; -1.6634582;;; 3.945367; 1.6231492; -1.6387237;;; … ;;; -3.3904328; -0.5227173; -3.5135581;;; -3.2942994; -0.502018; -3.847591;;; -3.3949661; -0.43308488; -4.1740246], rots = [-0.40275395 0.85771906 0.31954253; -0.5835898 -0.50958014 0.6322588; 0.70513296 0.06816292 0.70579135;;; -0.49663037 -0.13969761 0.85664636; -0.8522133 0.2656422 -0.4507406; -0.16459407 -0.9538969 -0.25097802;;; -0.9988371 -0.018134952 -0.04467574; -0.037689805 0.8715427 0.48886913; 0.030071191 0.48998445 -0.87121236;;; … ;;; 0.24435939 -0.079323515 0.9664348; 0.36990315 0.92890954 -0.017285127; -0.89635944 0.36171097 0.2563298;;; -0.49444085 -0.66813564 -0.5559884; -0.010260299 -0.63511616 0.77234846; -0.8691507 0.38758534 0.30717206;;; 0.23042929 0.95551383 -0.1841079; -0.32170737 -0.10375564 -0.941137; -0.91837174 0.2760945 0.28348765], AAs = [1, 13, 18, 10, 16, 9, 3, 18, 1, 3  …  20, 4, 13, 9, 15, 6, 10, 13, 10, 1], resinds = [2, 3, 4, 5, 6, 7, 8, 9, 10, 11  …  1011, 1012, 1013, 1014, 1015, 1016, 1017, 1018, 1019, 1020], chainids = [1, 1, 1, 1, 1, 1, 1, 1, 1, 1  …  2, 2, 2, 2, 2, 2, 2, 2, 2, 2])\n",
       " (len = 194, cluster = 478, locs = [1.0601174; 1.73939; -1.7197456;;; 0.8403843; 1.8179232; -1.4569123;;; 0.69701767; 1.6584902; -1.2100122;;; … ;;; -1.4099491; 0.33139; -0.6142456;;; -1.5052156; 0.5700232; -0.8567789;;; -1.4977156; 0.8195898; -1.0848458], rots = [-0.24653022 0.5691227 -0.78442484; 0.23954359 0.82007676 0.51970506; 0.93906456 -0.05978121 -0.33850345;;; -0.6972227 -0.23998319 0.67549145; -0.26963934 -0.785303 -0.5573098; 0.66421044 -0.57070804 0.48282206;;; -0.6212851 0.41415912 -0.66518974; 0.26864982 0.91003764 0.31568772; 0.7360928 0.017429084 -0.6766563;;; … ;;; -0.17904525 -0.59396726 -0.7843123; 0.38007954 -0.7770622 0.501711; -0.9074594 -0.20827223 0.36488405;;; 0.097042896 0.5207173 0.8481958; 0.8556363 0.3916732 -0.33834693; -0.50839883 0.7585814 -0.4075355;;; -0.35275406 -0.6534395 0.66976213; 0.91724694 -0.38298726 0.109447084; 0.18499336 0.6529451 0.73446584], AAs = [5, 3, 13, 9, 13, 8, 12, 17, 11, 12  …  10, 14, 18, 12, 6, 8, 8, 18, 16, 15], resinds = [5, 6, 7, 8, 9, 10, 11, 12, 13, 14  …  198, 199, 200, 201, 202, 203, 204, 205, 206, 207], chainids = [1, 1, 1, 1, 1, 1, 1, 1, 1, 1  …  1, 1, 1, 1, 1, 1, 1, 1, 1, 1])\n",
       " (len = 311, cluster = 482, locs = [0.05184555; 1.4297041; -2.4879272;;; -0.20882034; 1.2031374; -2.458795;;; -0.483387; 1.1289707; -2.6598632;;; … ;;; 1.4378792; 0.06943722; -1.3532257;;; 1.7595131; 0.0019374847; -1.252362;;; 2.0072122; 0.06527062; -1.0003296], rots = [-0.66298103 0.69499373 0.2782805; -0.71205145 -0.4706173 -0.5210588; -0.23116902 -0.5436022 0.8068814;;; -0.94935 -0.12129444 0.28986603; -0.10112429 0.9913522 0.083635665; -0.29750383 0.05008705 -0.95340586;;; -0.80062157 0.5074432 -0.31860137; -0.5855038 -0.77551025 0.23615545; -0.12724313 0.3756134 0.91799986;;; … ;;; 0.7749574 -0.62963325 -0.054795407; -0.35772815 -0.36550996 -0.8593212; 0.521029 0.6855392 -0.5084924;;; 0.6427351 -0.38539392 -0.6620899; 0.5023517 0.8645233 -0.015561247; 0.5783894 -0.3226002 0.74926287;;; 0.92458504 -0.0080498755 0.38089073; -0.1547261 -0.92154515 0.3561102; 0.3481413 -0.3881879 -0.8532923], AAs = [1, 20, 17, 12, 5, 3, 1, 4, 15, 3  …  1, 10, 10, 20, 10, 2, 6, 6, 3, 3], resinds = [29, 30, 31, 32, 33, 34, 35, 36, 37, 38  …  330, 331, 332, 333, 334, 335, 336, 337, 338, 339], chainids = [1, 1, 1, 1, 1, 1, 1, 1, 1, 1  …  1, 1, 1, 1, 1, 1, 1, 1, 1, 1])\n",
       " (len = 2074, cluster = 479, locs = [-2.2996209; 1.3716354; 4.652971;;; -2.3106544; 1.5209366; 4.3833055;;; -2.2216873; 1.811969; 4.4560394;;; … ;;; 0.4749115; 2.898436; 5.039107;;; 0.49364623; 2.6001022; 5.2183733;;; 0.3951126; 2.2539353; 5.2563066], rots = [0.40038583 -0.6739882 0.62083113; 0.2562498 0.7328293 0.6303154; -0.8797884 -0.0932816 0.46612367;;; 0.4480766 0.20241778 0.8707781; 0.8516213 0.1996761 -0.48463485; -0.27197233 0.95872664 -0.082913086;;; 0.7610357 0.04024802 0.64746016; 0.27862498 -0.9216041 -0.270211; 0.5858265 0.38603878 -0.71258783;;; … ;;; 0.31196383 0.40334454 0.8602277; -0.91359115 -0.1212098 0.3881492; 0.260826 -0.9069847 0.33067882;;; -0.59712225 -0.7995606 -0.06440665; -0.7857006 0.5991658 -0.15386769; 0.1616168 -0.041273482 -0.9859901;;; 0.059364527 0.9810798 -0.18427816; -0.95863473 0.10751057 0.26355538; 0.27838072 0.16100956 0.94687915], AAs = [15, 10, 1, 1, 4, 17, 8, 3, 8, 16  …  9, 4, 15, 5, 14, 1, 16, 10, 15, 3], resinds = [86, 87, 88, 89, 90, 91, 92, 93, 94, 95  …  786, 787, 788, 789, 790, 791, 792, 793, 794, 795], chainids = [1, 1, 1, 1, 1, 1, 1, 1, 1, 1  …  4, 4, 4, 4, 4, 4, 4, 4, 4, 4])\n",
       " (len = 1354, cluster = 480, locs = [-0.122471616; 0.9267456; 4.7252226;;; -0.42487183; 0.9667114; 4.7235565;;; -0.49350435; 0.7194122; 4.53219;;; … ;;; -2.057405; 1.4427459; 4.2870574;;; -2.2302375; 1.3513123; 4.53049;;; -2.301171; 1.6215454; 4.692755], rots = [-0.8926273 -0.45057133 0.014209735; -0.070384905 0.10816621 -0.99163824; 0.4452668 -0.88616353 -0.1282652;;; -0.70160127 0.69985247 0.13402238; -0.6807267 -0.60268974 -0.41638476; -0.21063402 -0.3833688 0.89925617;;; 0.4264608 0.90303755 0.0515216; -0.7784526 0.39543825 -0.4874834; -0.46058947 0.16778556 0.87161076;;; … ;;; -0.89965796 0.41048056 0.14873165; -0.06849355 -0.4691415 0.880463; 0.43118906 0.7819284 0.45018223;;; -0.17987798 0.7789833 -0.60069025; 0.40724486 0.6148339 0.6753746; 0.89543027 -0.12314291 -0.42783204;;; -0.69345474 -0.47201425 -0.54435605; 0.7063894 -0.29660138 -0.64268374; 0.14189918 -0.8301992 0.539105], AAs = [17, 14, 15, 20, 20, 18, 4, 15, 13, 8  …  16, 14, 18, 15, 4, 1, 10, 1, 4, 14], resinds = [13, 14, 15, 16, 17, 18, 19, 20, 21, 22  …  713, 714, 715, 716, 717, 718, 719, 720, 721, 722], chainids = [1, 1, 1, 1, 1, 1, 1, 1, 1, 1  …  2, 2, 2, 2, 2, 2, 2, 2, 2, 2])\n",
       " (len = 766, cluster = 481, locs = [3.1980448; -1.4857358; 0.18247728;;; 3.1039448; -1.1545023; 0.091943935;;; 2.8618114; -1.024569; -0.10582261;;; … ;;; -1.4901884; 1.984431; -1.0758226;;; -1.5931883; 2.228031; -1.2640893;;; -1.7225885; 2.5200975; -1.1922227], rots = [-0.4648044 -0.87970054 0.10041836; 0.88173664 -0.47021267 -0.03795218; 0.08060452 0.07090223 0.9942212;;; -0.40942264 0.42606652 -0.8067467; 0.505808 -0.6299173 -0.5893745; -0.7592964 -0.6493624 0.042394534;;; -0.37134102 0.28353357 0.8841461; 0.92017114 0.2396085 0.3096325; -0.12405756 0.9285453 -0.34987596;;; … ;;; 0.23225205 -0.5072954 0.8298857; 0.4949628 0.79612356 0.3481366; -0.83729947 0.32990718 0.43599376;;; -0.5929439 -0.4289735 0.6814683; 0.8044576 -0.27818146 0.52484584; -0.03557305 0.85941666 0.51003695;;; -0.39890146 0.55444324 -0.73039067; 0.705782 -0.32288843 -0.6305674; -0.5854485 -0.7670306 -0.26251522], AAs = [6, 18, 10, 17, 8, 6, 1, 16, 3, 4  …  20, 14, 1, 11, 4, 16, 20, 7, 12, 13], resinds = [106, 107, 108, 109, 110, 111, 112, 113, 114, 115  …  288, 289, 290, 291, 292, 293, 294, 295, 296, 297], chainids = [1, 1, 1, 1, 1, 1, 1, 1, 1, 1  …  4, 4, 4, 4, 4, 4, 4, 4, 4, 4])\n",
       " (len = 1596, cluster = 483, locs = [-3.6781716; -2.5194902; -0.9680743;;; -3.4599717; -2.2506235; -0.9150742;;; -3.1870048; -2.128557; -0.76527417;;; … ;;; 3.3295617; 3.4206767; -0.80167425;;; 3.2369285; 3.6190429; -1.012141;;; 3.3912952; 3.4983764; -1.2500408], rots = [0.417579 0.6930958 -0.5875764; 0.8492894 -0.5275938 -0.018767728; -0.32300937 -0.4911854 -0.808951;;; 0.6574427 -0.32788184 0.67842686; 0.4881681 -0.5005154 -0.71496594; 0.5739875 0.80123544 -0.1689986;;; -0.012704805 -0.82698834 -0.56207544; 0.83472615 0.30071145 -0.461308; 0.55051893 -0.47503987 0.6864882;;; … ;;; -0.652956 0.54980993 0.5209202; 0.32551694 0.82473177 -0.462446; -0.6838768 -0.13238841 -0.71748585;;; 0.06170138 0.5816376 -0.8111046; -0.12890786 -0.8012028 -0.5843432; -0.9897351 0.14061251 0.025542319;;; 0.64753324 0.09054229 0.756639; 0.372916 0.82824945 -0.41825396; -0.6645556 0.552996 0.5025547], AAs = [16, 16, 13, 13, 18, 18, 3, 17, 18, 7  …  18, 1, 5, 19, 17, 12, 10, 5, 1, 9], resinds = [1, 2, 3, 4, 5, 6, 7, 8, 9, 10  …  523, 524, 525, 526, 527, 528, 529, 530, 531, 532], chainids = [1, 1, 1, 1, 1, 1, 1, 1, 1, 1  …  3, 3, 3, 3, 3, 3, 3, 3, 3, 3])"
      ]
     },
     "metadata": {},
     "output_type": "display_data"
    }
   ],
   "source": [
    "include(\"DLProteinFormats.jl/src/DLProteinFormats.jl\")\n",
    "include(\"DLProteinFormats.jl/src/datasets.jl\")\n",
    "\n",
    "dat = load(PDBSimpleFlat500)"
   ]
  },
  {
   "cell_type": "code",
   "execution_count": 22,
   "metadata": {},
   "outputs": [
    {
     "data": {
      "text/plain": [
       "284-element Vector{ProteinChain{Float32}}:\n",
       " 1-residue ProteinChain{Float32} (1)\n",
       " 1-residue ProteinChain{Float32} (2)\n",
       " 1-residue ProteinChain{Float32} (3)\n",
       " 1-residue ProteinChain{Float32} (4)\n",
       " 1-residue ProteinChain{Float32} (5)\n",
       " 1-residue ProteinChain{Float32} (6)\n",
       " 1-residue ProteinChain{Float32} (7)\n",
       " 1-residue ProteinChain{Float32} (8)\n",
       " 1-residue ProteinChain{Float32} (9)\n",
       " 1-residue ProteinChain{Float32} (10)\n",
       " ⋮\n",
       " 1-residue ProteinChain{Float32} (276)\n",
       " 1-residue ProteinChain{Float32} (277)\n",
       " 1-residue ProteinChain{Float32} (278)\n",
       " 1-residue ProteinChain{Float32} (279)\n",
       " 1-residue ProteinChain{Float32} (280)\n",
       " 1-residue ProteinChain{Float32} (281)\n",
       " 1-residue ProteinChain{Float32} (282)\n",
       " 1-residue ProteinChain{Float32} (283)\n",
       " 1-residue ProteinChain{Float32} (284)"
      ]
     },
     "metadata": {},
     "output_type": "display_data"
    }
   ],
   "source": [
    "unflattend = DLProteinFormats.unflatten(dat[1].locs, dat[1].rots, dat[1].AAs, dat[1].resinds, dat[1].chainids)"
   ]
  },
  {
   "cell_type": "code",
   "execution_count": 59,
   "metadata": {},
   "outputs": [
    {
     "data": {
